PcebuPut_PcebuPut PcebuPut_PcebuPut -0.304559 -0.131878 -0.32348 0.00562904 -0.00808225 -0.0347636 -0.820733 -0.0094126 -0.331987
Pcoro16323A_Pcoro16323A Pcoro16323A_Pcoro16323A -0.234459 -0.0580908 0.574589 0.707232 -0.0275265 -0.00285363 0.00956256 -0.0005658 -0.332366
Pcoro16349A_Pcoro16349A Pcoro16349A_Pcoro16349A -0.238649 -0.0573574 0.574761 -0.705785 0.0295193 0.00226053 0.000425627 -0.00112711 -0.33226
PijiMiU5708_PijiMiU5708 PijiMiU5708_PijiMiU5708 0.172562 0.593696 -0.0633294 0.0283815 0.708315 -0.004739 -0.0062302 0.00317868 -0.333393
PijiMiU5709_PijiMiU5709 PijiMiU5709_PijiMiU5709 0.169657 0.598978 -0.0616588 -0.0286868 -0.704617 0.00703368 0.00647676 -0.00211371 -0.333521
PijiNaU5148_PijiNaU5148 PijiNaU5148_PijiNaU5148 0.522167 -0.339046 -0.0115051 0.00112904 0.00323166 0.707046 -0.0297766 0.00581296 -0.333783
PijiNaU5154_PijiNaU5154 PijiNaU5154_PijiNaU5154 0.524105 -0.337506 -0.0123714 -0.00481439 -0.00772173 -0.705805 0.0300372 -0.00481346 -0.334787
PolivU1675B_PolivU1675B PolivU1675B_PolivU1675B -0.307884 -0.133991 -0.338529 -0.00127014 0.00632677 0.0225311 0.411727 -0.700247 -0.335019
PolivU1676_PolivU1676 PolivU1676_PolivU1676 -0.307607 -0.13371 -0.3349 -0.00197869 0.000805724 0.0111708 0.393594 0.713787 -0.332872
